
  
0.828715 0.559230 0.021779 0.366926
0.559649 -0.827904 -0.036736 0.477643
-0.002513 0.042632 -0.999088 0.233130
0 0 0 1

0.997851 0.059320 0.027489 0.408642
0.060852 -0.996410 -0.058700 0.541085 
0.023908 0.060246 -0.997897 0.231182
0 0 0 1

0.998900 0.016786 0.043555 0.477375
0.017918 -0.999499 -0.025722 0.583465 
0.043102 0.026474 -0.998720 0.229902
0 0 0 1


### 18 maggio misurati
pm = [0.38073 0.482143 0.230429 
0.421373 0.545912 0.229889 
0.488658 0.590705 0.229521];

pc = [0.38120399925694465 0.4789918056493101 0.2230690236597076
0.4212056918102792 0.543638914718551 0.22541678220219064
0.48882244981883516 0.5896755846264637 0.22796461013408642];

ps = [0.38140792683796554 0.4782377747920932 0.2235644341719849
0.42131432580630057 0.5429475341452271 0.2258055228766379
0.48885620477546365 0.5890828605253697 0.22854748715040596];