# fino al 30 marzo 2022
#0.01999945272 -0.9990596861 0.03846772089 0.05834485203
#0.9997803621 0.01974315714 -0.007031030191 -0.03476564525
#0.006264944557 0.03859988867 0.999235107 -0.06760482074
#0 0 0 1
# 30 marzo 2022
#0.01284974504 -0.9996683009 0.0223197714 0.06841686135
#0.9998832198 0.01303076991 0.007984095175 -0.04415122526
#-0.008272290664 0.02221457131 0.9997190015 -0.07755183067
#0 0 0 1
#-0.0200 0.9991 -0.0385 0.05834485203
#0.9998 0.0197 -0.0070 -0.03476564525
#-0.0063 -0.0386 -0.9992 -0.06760482074
#0 0 0 1
#1 0 0 0.05834485203
#0 1 0 -0.03476564525
#0 0 1 -0.06760482074
#0 0 0 1
#12 Aprile
#0.01284974504 -0.9996683009 0.0223197714 0.05241686135
#0.9998832198 0.01303076991 0.007984095175 -0.04415122526
#-0.008272290664 0.02221457131 0.9997190015 -0.07755183067
#0 0 0 1
#0.01298035989 -0.9995171628 0.02823033132 0.0554335415
#0.999908251 0.01308444161 0.003505272453 -0.04373612252
#-0.003872958099 0.02818224152 0.9995952988 -0.05430977191
#0 0 0 1
# 10 giugno
#-0.008600103109 -0.9992217746 0.0384952386 0.06420071793
#0.9999535015 -0.00842569125 0.004690685436 -0.0433334897
#-0.004362686031 0.03853378901 0.9992477741 -0.05248410703
#0 0 0 1
# 20 giugno 
#-0.003670042231 -0.9992791083 0.03778616916 0.06342325983
#0.9998983585 -0.004187657083 -0.013628506 -0.03885759766
#0.01377691684 0.03773231133 0.9991929089 -0.0551657741
#0 0 0 1
# 21 giugno
#-0.005154148655 -0.999188386 0.03995001796 0.06442325983
#0.9999862925 -0.005113210083 0.001126854918 -0.03744008249
#-0.0009216675125 0.03995527832 0.999201044 -0.05384408518
#0 0 0 1
# 1 luglio
-0.007156772622 -0.9992723059 0.0374651753 0.06607069231
0.9999683998 -0.007022023019 0.003727016664 -0.0388433722
-0.003461223213 0.0374906648 0.9992909836 -0.05311303156
0 0 0 1
