# Matrice che esprime la terna di riferimento in terna end-effector
#-0.0087 0.9992 -0.0400 0.0504
#0.9997 0.0096 0.0216 -0.0109
#0.0220 -0.0398 -0.9990 -0.0616
#0 0 0 1.0000
#
#-0.0087 0.9992 -0.0400 0.0584
#0.9997 0.0096 0.0216 -0.03476564525
#0.0220 -0.0398 -0.9990 -0.0676
#0 0 0 1.0000
#
0.0373 0.9989 -0.0294 0.0651
0.9986 -0.0384 -0.0354 -0.0668
-0.0365 -0.0280 -0.9989 -0.0676
0 0 0 1.0000
