5 10
0.4483897016296626 0.4394880964758344 0.2182682716644203
Rd
0.9963570104094982 0.08518800214621032 0.003963840687654807
0.0851058832461146 -0.9962161900822593 0.017615049461593816
0.0054494444437682725 -0.017213567565305104 -0.9998349109467314
0.49118843610824453 0.5023493418571956 0.21954508127603
Rd
0.9963570104094982 0.08518800214621032 0.003963840687654807
0.0851058832461146 -0.9962161900822593 0.017615049461593816
0.0054494444437682725 -0.017213567565305104 -0.9998349109467314
0.5126854841796317 0.39110387379669714 0.22244798775144248
Rd
0.9349219538347384 0.08480888826290132 0.3445700562805713
0.07394954099070557 -0.9962658197739321 0.04456325760279612
0.3470625384928475 -0.016182361440337842 -0.9377028823358927
0.5944522929816545 0.6323192223426451 0.41227400216778354
Rd
0.9963570104094982 0.08518800214621032 0.003963840687654807
0.0851058832461146 -0.9962161900822593 0.017615049461593816
0.0054494444437682725 -0.017213567565305104 -0.9998349109467314
0.3596614106394732 -0.08388093969320733 0.20869656747139864
Rd
0.9963570104094982 0.08518800214621032 0.003963840687654807
0.0851058832461146 -0.9962161900822593 0.017615049461593816
0.0054494444437682725 -0.017213567565305104 -0.9998349109467314
