6 10
0.38025458584433536 0.48310869114679866 0.22991847245858837
Rd
0.9911246201207782 0.13225340109283687 0.013453978039865864
0.13257942973588047 -0.9907984780067446 -0.027221430045503668
0.009730477961113647 0.028764802778670412 -0.9994953218859378
0.420026818344508 0.5479297320027695 0.22869084836219056
Rd
0.9911246201207782 0.13225340109283687 0.013453978039865864
0.13257942973588047 -0.9907984780067446 -0.027221430045503668
0.009730477961113647 0.028764802778670412 -0.9994953218859378
0.48748703257207354 0.5942703277021167 0.22833956156369994
Rd
0.9911246201207782 0.13225340109283687 0.013453978039865864
0.13257942973588047 -0.9907984780067446 -0.027221430045503668
0.009730477961113647 0.028764802778670412 -0.9994953218859378
0.5704144641006115 0.5851993279484589 0.22970482654240687
Rd
0.9911246201207782 0.13225340109283687 0.013453978039865864
0.13257942973588047 -0.9907984780067446 -0.027221430045503668
0.009730477961113647 0.028764802778670412 -0.9994953218859378
0.5150936023470982 0.6911269150845137 0.41315414455700883
Rd
0.9911246201207782 0.13225340109283687 0.013453978039865864
0.13257942973588047 -0.9907984780067446 -0.027221430045503668
0.009730477961113647 0.028764802778670412 -0.9994953218859378
0.44671548803365646 0.4380817473842692 0.23681914672640908
Rd
0.9267501259296751 0.1318679309981458 0.3517586895994968
0.1338884450930174 -0.9908200634729342 0.018693725426921926
0.3510100972335489 0.029773320166869937 -0.935857077339371
