5 10
0.4029175432262183 0.43827295476346007 0.1826475576866241
Rd
0.9998851948021753 0.006395402124779974 -0.0137366368206458
0.005910392121396054 -0.9993676380682471 -0.035062596456569006
-0.01395222134239671 0.034977461508167905 -0.999288438381078
0.45053433544682836 0.4975187997699029 0.17991373192564009
Rd
0.9998851948021753 0.006395402124779974 -0.0137366368206458
0.005910392121396054 -0.9993676380682471 -0.035062596456569006
-0.01395222134239671 0.034977461508167905 -0.999288438381078
0.46328565244133774 0.3852222826969381 0.18845916010010455
Rd
0.9442908663099325 0.006034102699841172 0.3290568150091884
0.01754599341306822 -0.9993330073094646 -0.032026223283998456
0.3286440291847482 0.03601569250242962 -0.9437670715540915
0.5673371807670464 0.6287808326148869 0.3638357760787752
Rd
0.9998851948021753 0.006395402124779974 -0.0137366368206458
0.005910392121396054 -0.9993676380682471 -0.035062596456569006
-0.01395222134239671 0.034977461508167905 -0.999288438381078
0.2732210581101422 -0.07618331785388503 0.20248340854305713
Rd
0.9998851948021753 0.006395402124779974 -0.0137366368206458
0.005910392121396054 -0.9993676380682471 -0.035062596456569006
-0.01395222134239671 0.034977461508167905 -0.999288438381078
